{1.60956f, -0.502920f, 0.185311f, 0.174211f, 0.163742f, 0.153869f, 0.144557f, 0.135775f, 0.127492f, 0.119680f, 0.112312f, 0.105364f, 0.0988102f, 0.0926295f, 0.0868004f, 0.0813029f, 0.0761182f, 0.0712285f, 0.0666171f, 0.0622683f, 0.0581671f, 0.0542994f, 0.0506521f, 0.0472128f, 0.0439695f, 0.0409113f, 0.0380277f, 0.0353088f, 0.0327454f, 0.0303286f, 0.0280503f, 0.0259027f, 0.0238784f, 0.0219705f, 0.144592f},
{-0.502920f, 1.58535f, -0.525712f, 0.163850f, 0.154006f, 0.144722f, 0.135965f, 0.127706f, 0.119917f, 0.112571f, 0.105643f, 0.0991082f, 0.0929453f, 0.0871329f, 0.0816511f, 0.0764811f, 0.0716052f, 0.0670067f, 0.0626699f, 0.0585799f, 0.0547228f, 0.0510853f, 0.0476550f, 0.0444202f, 0.0413698f, 0.0384934f, 0.0357811f, 0.0332238f, 0.0308126f, 0.0285394f, 0.0263963f, 0.0243761f, 0.0224718f, 0.0206771f, 0.136159f},
{0.185311f, -0.525712f, 1.56389f, -0.545921f, 0.144824f, 0.136095f, 0.127862f, 0.120097f, 0.112774f, 0.105867f, 0.0993527f, 0.0932088f, 0.0874142f, 0.0819491f, 0.0767948f, 0.0719337f, 0.0673490f, 0.0630251f, 0.0589473f, 0.0551014f, 0.0514745f, 0.0480540f, 0.0448284f, 0.0417865f, 0.0389180f, 0.0362130f, 0.0336624f, 0.0312574f, 0.0289898f, 0.0268519f, 0.0248364f, 0.0229364f, 0.0211454f, 0.0194573f, 0.128205f},
{0.174211f, 0.163850f, -0.545921f, 1.54486f, -0.563836f, 0.127959f, 0.120220f, 0.112921f, 0.106037f, 0.0995442f, 0.0934206f, 0.0876450f, 0.0821978f, 0.0770603f, 0.0722149f, 0.0676450f, 0.0633350f, 0.0592701f, 0.0554365f, 0.0518209f, 0.0484111f, 0.0451953f, 0.0421626f, 0.0393027f, 0.0366057f, 0.0340625f, 0.0316643f, 0.0294030f, 0.0272708f, 0.0252605f, 0.0233653f, 0.0215786f, 0.0198943f, 0.0183069f, 0.120704f},
{0.163742f, 0.154006f, 0.144824f, -0.563836f, 1.52800f, -0.579714f, 0.113013f, 0.106153f, 0.0996834f, 0.0935813f, 0.0878261f, 0.0823979f, 0.0772783f, 0.0724497f, 0.0678957f, 0.0636005f, 0.0595495f, 0.0557288f, 0.0521255f, 0.0487270f, 0.0455220f, 0.0424992f, 0.0396486f, 0.0369602f, 0.0344250f, 0.0320343f, 0.0297798f, 0.0276540f, 0.0256496f, 0.0237597f, 0.0219778f, 0.0202980f, 0.0187145f, 0.0172219f, 0.113630f},
{0.153869f, 0.144722f, 0.136095f, 0.127959f, -0.579714f, 1.51305f, -0.593784f, 0.0997706f, 0.0936915f, 0.0879578f, 0.0825499f, 0.0774494f, 0.0726388f, 0.0681015f, 0.0638222f, 0.0597860f, 0.0559793f, 0.0523890f, 0.0490029f, 0.0458092f, 0.0427973f, 0.0399566f, 0.0372776f, 0.0347511f, 0.0323684f, 0.0301215f, 0.0280026f, 0.0260046f, 0.0241206f, 0.0223442f, 0.0206694f, 0.0190904f, 0.0176018f, 0.0161987f, 0.106959f},
{0.144557f, 0.135965f, 0.127862f, 0.120220f, 0.113013f, -0.593784f, 1.49981f, -0.606249f, 0.0880405f, 0.0826542f, 0.0775740f, 0.0727825f, 0.0682632f, 0.0640008f, 0.0599805f, 0.0561887f, 0.0526124f, 0.0492393f, 0.0460580f, 0.0430575f, 0.0402276f, 0.0375587f, 0.0350415f, 0.0326676f, 0.0304289f, 0.0283176f, 0.0263266f, 0.0244491f, 0.0226787f, 0.0210093f, 0.0194354f, 0.0179514f, 0.0165525f, 0.0152338f, 0.100667f},
{0.135775f, 0.127706f, 0.120097f, 0.112921f, 0.106153f, 0.0997706f, -0.606249f, 1.48807f, -0.617289f, 0.0776525f, 0.0728813f, 0.0683812f, 0.0641367f, 0.0601334f, 0.0563574f, 0.0527961f, 0.0494370f, 0.0462688f, 0.0432807f, 0.0404623f, 0.0378042f, 0.0352972f, 0.0329327f, 0.0307028f, 0.0285997f, 0.0266163f, 0.0247459f, 0.0229820f, 0.0213187f, 0.0197504f, 0.0182716f, 0.0168773f, 0.0155628f, 0.0143237f, 0.0947332f},
{0.127492f, 0.119917f, 0.112774f, 0.106037f, 0.0996834f, 0.0936915f, 0.0880405f, -0.617289f, 1.47768f, -0.627065f, 0.0684557f, 0.0642303f, 0.0602450f, 0.0564860f, 0.0529406f, 0.0495965f, 0.0464424f, 0.0434674f, 0.0406614f, 0.0380149f, 0.0355187f, 0.0331644f, 0.0309439f, 0.0288497f, 0.0268746f, 0.0250118f, 0.0232551f, 0.0215985f, 0.0200362f, 0.0185631f, 0.0171740f, 0.0158643f, 0.0146295f, 0.0134654f, 0.0891371f},
{0.119680f, 0.112571f, 0.105867f, 0.0995442f, 0.0935813f, 0.0879578f, 0.0826542f, 0.0776525f, -0.627065f, 1.46849f, -0.635718f, 0.0603157f, 0.0565748f, 0.0530463f, 0.0497182f, 0.0465790f, 0.0436181f, 0.0408254f, 0.0381912f, 0.0357067f, 0.0333633f, 0.0311530f, 0.0290683f, 0.0271021f, 0.0252477f, 0.0234987f, 0.0218492f, 0.0202937f, 0.0188267f, 0.0174434f, 0.0161389f, 0.0149089f, 0.0137493f, 0.0126560f, 0.0838593f},
{0.112312f, 0.105643f, 0.0993527f, 0.0934206f, 0.0878261f, 0.0825499f, 0.0775740f, 0.0728813f, 0.0684557f, -0.635718f, 1.46035f, -0.643376f, 0.0531135f, 0.0498023f, 0.0466791f, 0.0437333f, 0.0409546f, 0.0383337f, 0.0358616f, 0.0335298f, 0.0313305f, 0.0292560f, 0.0272994f, 0.0254539f, 0.0237133f, 0.0220717f, 0.0205233f, 0.0190631f, 0.0176860f, 0.0163873f, 0.0151627f, 0.0140080f, 0.0129192f, 0.0118926f, 0.0788820f},
{0.105364f, 0.0991082f, 0.0932088f, 0.0876450f, 0.0823979f, 0.0774494f, 0.0727825f, 0.0683812f, 0.0642303f, 0.0603157f, -0.643376f, 1.45314f, -0.650151f, 0.0467429f, 0.0438131f, 0.0410495f, 0.0384427f, 0.0359839f, 0.0336646f, 0.0314769f, 0.0294134f, 0.0274670f, 0.0256312f, 0.0238996f, 0.0222663f, 0.0207258f, 0.0192729f, 0.0179026f, 0.0166102f, 0.0153914f, 0.0142421f, 0.0131582f, 0.0121363f, 0.0111727f, 0.0741878f},
{0.0988102f, 0.0929453f, 0.0874142f, 0.0821978f, 0.0772783f, 0.0726388f, 0.0682632f, 0.0641367f, 0.0602450f, 0.0565748f, 0.0531135f, -0.650151f, 1.44677f, -0.656142f, 0.0411101f, 0.0385184f, 0.0360737f, 0.0337677f, 0.0315926f, 0.0295408f, 0.0276054f, 0.0257799f, 0.0240579f, 0.0224337f, 0.0209016f, 0.0194566f, 0.0180936f, 0.0168081f, 0.0155957f, 0.0144522f, 0.0133738f, 0.0123569f, 0.0113979f, 0.0104937f, 0.0697608f},
{0.0926295f, 0.0871329f, 0.0819491f, 0.0770603f, 0.0724497f, 0.0681015f, 0.0640008f, 0.0601334f, 0.0564860f, 0.0530463f, 0.0498023f, 0.0467429f, -0.656142f, 1.44114f, -0.661439f, 0.0361314f, 0.0338396f, 0.0316777f, 0.0296385f, 0.0277149f, 0.0259003f, 0.0241887f, 0.0225742f, 0.0210512f, 0.0196146f, 0.0182596f, 0.0169814f, 0.0157759f, 0.0146388f, 0.0135664f, 0.0125550f, 0.0116011f, 0.0107016f, 0.00985342f, 0.0655857f},
{0.0868004f, 0.0816511f, 0.0767948f, 0.0722149f, 0.0678957f, 0.0638222f, 0.0599805f, 0.0563574f, 0.0529406f, 0.0497182f, 0.0466791f, 0.0438131f, 0.0411101f, -0.661439f, 1.43616f, -0.666120f, 0.0317326f, 0.0297067f, 0.0277956f, 0.0259929f, 0.0242923f, 0.0226881f, 0.0211749f, 0.0197474f, 0.0184009f, 0.0171307f, 0.0159326f, 0.0148024f, 0.0137365f, 0.0127310f, 0.0117827f, 0.0108884f, 0.0100449f, 0.00924954f, 0.0616482f},
{0.0813029f, 0.0764811f, 0.0719337f, 0.0676450f, 0.0636005f, 0.0597860f, 0.0561887f, 0.0527961f, 0.0495965f, 0.0465790f, 0.0437333f, 0.0410495f, 0.0385184f, 0.0361314f, -0.666120f, 1.43176f, -0.670254f, 0.0278478f, 0.0260576f, 0.0243689f, 0.0227758f, 0.0212729f, 0.0198552f, 0.0185178f, 0.0172562f, 0.0160661f, 0.0149434f, 0.0138844f, 0.0128855f, 0.0119432f, 0.0110544f, 0.0102162f, 0.00942560f, 0.00868002f, 0.0579348f},
{0.0761182f, 0.0716052f, 0.0673490f, 0.0633350f, 0.0595495f, 0.0559793f, 0.0526124f, 0.0494370f, 0.0464424f, 0.0436181f, 0.0409546f, 0.0384427f, 0.0360737f, 0.0338396f, 0.0317326f, -0.670254f, 1.42787f, -0.673905f, 0.0244186f, 0.0228373f, 0.0213455f, 0.0199383f, 0.0186106f, 0.0173582f, 0.0161766f, 0.0150620f, 0.0140105f, 0.0130186f, 0.0120829f, 0.0112002f, 0.0103676f, 0.00958226f, 0.00884153f, 0.00814292f, 0.0544327f},
{0.0712285f, 0.0670067f, 0.0630251f, 0.0592701f, 0.0557288f, 0.0523890f, 0.0492393f, 0.0462688f, 0.0434674f, 0.0408254f, 0.0383337f, 0.0359839f, 0.0337677f, 0.0316777f, 0.0297067f, 0.0278478f, -0.673905f, 1.42444f, -0.677127f, 0.0213929f, 0.0199967f, 0.0186796f, 0.0174369f, 0.0162646f, 0.0151586f, 0.0141151f, 0.0131307f, 0.0122021f, 0.0113260f, 0.0104995f, 0.00971985f, 0.00898441f, 0.00829070f, 0.00763638f, 0.0511299f},
{0.0666171f, 0.0626699f, 0.0589473f, 0.0554365f, 0.0521255f, 0.0490029f, 0.0460580f, 0.0432807f, 0.0406614f, 0.0381912f, 0.0358616f, 0.0336646f, 0.0315926f, 0.0296385f, 0.0277956f, 0.0260576f, 0.0244186f, -0.677127f, 1.42142f, -0.679969f, 0.0187247f, 0.0174925f, 0.0163300f, 0.0152332f, 0.0141984f, 0.0132221f, 0.0123010f, 0.0114320f, 0.0106121f, 0.00983866f, 0.00910896f, 0.00842059f, 0.00777122f, 0.00715868f, 0.0480150f},
{0.0622683f, 0.0585799f, 0.0551014f, 0.0518209f, 0.0487270f, 0.0458092f, 0.0430575f, 0.0404623f, 0.0380149f, 0.0357067f, 0.0335298f, 0.0314769f, 0.0295408f, 0.0277149f, 0.0259929f, 0.0243689f, 0.0228373f, 0.0213929f, -0.679969f, 1.41875f, -0.682475f, 0.0163730f, 0.0152861f, 0.0142605f, 0.0132929f, 0.0123799f, 0.0115185f, 0.0107058f, 0.00993894f, 0.00921544f, 0.00853284f, 0.00788885f, 0.00728130f, 0.00670816f, 0.0450774f},
{0.0581671f, 0.0547228f, 0.0514745f, 0.0484111f, 0.0455220f, 0.0427973f, 0.0402276f, 0.0378042f, 0.0355187f, 0.0333633f, 0.0313305f, 0.0294134f, 0.0276054f, 0.0259003f, 0.0242923f, 0.0227758f, 0.0213455f, 0.0199967f, 0.0187247f, -0.682475f, 1.41639f, -0.684683f, 0.0143016f, 0.0133432f, 0.0124390f, 0.0115857f, 0.0107806f, 0.0100209f, 0.00930406f, 0.00862770f, 0.00798952f, 0.00738738f, 0.00681927f, 0.00628328f, 0.0423070f},
{0.0542994f, 0.0510853f, 0.0480540f, 0.0451953f, 0.0424992f, 0.0399566f, 0.0375587f, 0.0352972f, 0.0331644f, 0.0311530f, 0.0292560f, 0.0274670f, 0.0257799f, 0.0241887f, 0.0226881f, 0.0212729f, 0.0199383f, 0.0186796f, 0.0174925f, 0.0163730f, -0.684683f, 1.41432f, -0.686627f, 0.0124782f, 0.0116336f, 0.0108367f, 0.0100846f, 0.00937497f, 0.00870532f, 0.00807340f, 0.00747711f, 0.00691445f, 0.00638353f, 0.00588258f, 0.0396943f},
{0.0506521f, 0.0476550f, 0.0448284f, 0.0421626f, 0.0396486f, 0.0372776f, 0.0350415f, 0.0329327f, 0.0309439f, 0.0290683f, 0.0272994f, 0.0256312f, 0.0240579f, 0.0225742f, 0.0211749f, 0.0198552f, 0.0186106f, 0.0174369f, 0.0163300f, 0.0152861f, 0.0143016f, -0.686627f, 1.41250f, -0.688338f, 0.0108741f, 0.0101303f, 0.00942830f, 0.00876583f, 0.00814065f, 0.00755066f, 0.00699388f, 0.00646844f, 0.00597260f, 0.00550470f, 0.0372302f},
{0.0472128f, 0.0444202f, 0.0417865f, 0.0393027f, 0.0369602f, 0.0347511f, 0.0326676f, 0.0307028f, 0.0288497f, 0.0271021f, 0.0254539f, 0.0238996f, 0.0224337f, 0.0210512f, 0.0197474f, 0.0185178f, 0.0173582f, 0.0162646f, 0.0152332f, 0.0142605f, 0.0133432f, 0.0124782f, -0.688338f, 1.41089f, -0.689842f, 0.00946408f, 0.00880933f, 0.00819137f, 0.00760814f, 0.00705768f, 0.00653815f, 0.00604782f, 0.00558505f, 0.00514832f, 0.0349064f},
{0.0439695f, 0.0413698f, 0.0389180f, 0.0366057f, 0.0344250f, 0.0323684f, 0.0304289f, 0.0285997f, 0.0268746f, 0.0252477f, 0.0237133f, 0.0222663f, 0.0209016f, 0.0196146f, 0.0184009f, 0.0172562f, 0.0161766f, 0.0151586f, 0.0141984f, 0.0132929f, 0.0124390f, 0.0116336f, 0.0108741f, -0.689842f, 1.40948f, -0.691164f, 0.00822560f, 0.00764961f, 0.00710593f, 0.00659275f, 0.00610836f, 0.00565114f, 0.00521957f, 0.00481222f, 0.0327148f},
{0.0409113f, 0.0384934f, 0.0362130f, 0.0340625f, 0.0320343f, 0.0301215f, 0.0283176f, 0.0266163f, 0.0250118f, 0.0234987f, 0.0220717f, 0.0207258f, 0.0194566f, 0.0182596f, 0.0171307f, 0.0160661f, 0.0150620f, 0.0141151f, 0.0132221f, 0.0123799f, 0.0115857f, 0.0108367f, 0.0101303f, 0.00946408f, -0.691164f, 1.40824f, -0.692325f, 0.00713869f, 0.00663232f, 0.00615430f, 0.00570304f, 0.00527704f, 0.00487489f, 0.00449526f, 0.0306480f},
{0.0380277f, 0.0357811f, 0.0336624f, 0.0316643f, 0.0297798f, 0.0280026f, 0.0263266f, 0.0247459f, 0.0232551f, 0.0218492f, 0.0205233f, 0.0192729f, 0.0180936f, 0.0169814f, 0.0159326f, 0.0149434f, 0.0140105f, 0.0131307f, 0.0123010f, 0.0115185f, 0.0107806f, 0.0100846f, 0.00942830f, 0.00880933f, 0.00822560f, -0.692325f, 1.40716f, -0.693343f, 0.00618566f, 0.00574080f, 0.00532079f, 0.00492424f, 0.00454984f, 0.00419634f, 0.0286988f},
{0.0353088f, 0.0332238f, 0.0312574f, 0.0294030f, 0.0276540f, 0.0260046f, 0.0244491f, 0.0229820f, 0.0215985f, 0.0202937f, 0.0190631f, 0.0179026f, 0.0168081f, 0.0157759f, 0.0148024f, 0.0138844f, 0.0130186f, 0.0122021f, 0.0114320f, 0.0107058f, 0.0100209f, 0.00937497f, 0.00876583f, 0.00819137f, 0.00764961f, 0.00713869f, -0.693343f, 1.40620f, -0.694236f, 0.00535085f, 0.00496031f, 0.00459153f, 0.00424329f, 0.00391444f, 0.0268606f},
{0.0327454f, 0.0308126f, 0.0289898f, 0.0272708f, 0.0256496f, 0.0241206f, 0.0226787f, 0.0213187f, 0.0200362f, 0.0188267f, 0.0176860f, 0.0166102f, 0.0155957f, 0.0146388f, 0.0137365f, 0.0128855f, 0.0120829f, 0.0113260f, 0.0106121f, 0.00993894f, 0.00930406f, 0.00870532f, 0.00814065f, 0.00760814f, 0.00710593f, 0.00663232f, 0.00618566f, -0.694236f, 1.40537f, -0.695017f, 0.00462035f, 0.00427776f, 0.00395419f, 0.00364859f, 0.0251269f},
{0.0303286f, 0.0285394f, 0.0268519f, 0.0252605f, 0.0237597f, 0.0223442f, 0.0210093f, 0.0197504f, 0.0185631f, 0.0174434f, 0.0163873f, 0.0153914f, 0.0144522f, 0.0135664f, 0.0127310f, 0.0119432f, 0.0112002f, 0.0104995f, 0.00983866f, 0.00921544f, 0.00862770f, 0.00807340f, 0.00755066f, 0.00705768f, 0.00659275f, 0.00615430f, 0.00574080f, 0.00535085f, -0.695017f, 1.40464f, -0.695700f, 0.00398185f, 0.00368155f, 0.00339787f, 0.0234920f},
{0.0280503f, 0.0263963f, 0.0248364f, 0.0233653f, 0.0219778f, 0.0206694f, 0.0194354f, 0.0182716f, 0.0171740f, 0.0161389f, 0.0151627f, 0.0142421f, 0.0133738f, 0.0125550f, 0.0117827f, 0.0110544f, 0.0103676f, 0.00971985f, 0.00910896f, 0.00853284f, 0.00798952f, 0.00747711f, 0.00699388f, 0.00653815f, 0.00610836f, 0.00570304f, 0.00532079f, 0.00496031f, 0.00462035f, -0.695700f, 1.40400f, -0.696297f, 0.00342444f, 0.00316144f, 0.0219501f},
{0.0259027f, 0.0243761f, 0.0229364f, 0.0215786f, 0.0202980f, 0.0190904f, 0.0179514f, 0.0168773f, 0.0158643f, 0.0149089f, 0.0140080f, 0.0131582f, 0.0123569f, 0.0116011f, 0.0108884f, 0.0102162f, 0.00958226f, 0.00898441f, 0.00842059f, 0.00788885f, 0.00738738f, 0.00691445f, 0.00646844f, 0.00604782f, 0.00565114f, 0.00527704f, 0.00492424f, 0.00459153f, 0.00427776f, 0.00398185f, -0.696297f, 1.40344f, -0.696818f, 0.00293846f, 0.0204961f},
{0.0238784f, 0.0224718f, 0.0211454f, 0.0198943f, 0.0187145f, 0.0176018f, 0.0165525f, 0.0155628f, 0.0146295f, 0.0137493f, 0.0129192f, 0.0121363f, 0.0113979f, 0.0107016f, 0.0100449f, 0.00942560f, 0.00884153f, 0.00829070f, 0.00777122f, 0.00728130f, 0.00681927f, 0.00638353f, 0.00597260f, 0.00558505f, 0.00521957f, 0.00487489f, 0.00454984f, 0.00424329f, 0.00395419f, 0.00368155f, 0.00342444f, -0.696818f, 1.40295f, -0.697272f, 0.0191247f},
{0.0219705f, 0.0206771f, 0.0194573f, 0.0183069f, 0.0172219f, 0.0161987f, 0.0152338f, 0.0143237f, 0.0134654f, 0.0126560f, 0.0118926f, 0.0111727f, 0.0104937f, 0.00985342f, 0.00924954f, 0.00868002f, 0.00814292f, 0.00763638f, 0.00715868f, 0.00670816f, 0.00628328f, 0.00588258f, 0.00550470f, 0.00514832f, 0.00481222f, 0.00449526f, 0.00419634f, 0.00391444f, 0.00364859f, 0.00339787f, 0.00316144f, 0.00293846f, -0.697272f, 1.40253f, -0.682168f},
{0.144592f, 0.136159f, 0.128205f, 0.120704f, 0.113630f, 0.106959f, 0.100667f, 0.0947332f, 0.0891371f, 0.0838593f, 0.0788820f, 0.0741878f, 0.0697608f, 0.0655857f, 0.0616482f, 0.0579348f, 0.0544327f, 0.0511299f, 0.0480150f, 0.0450774f, 0.0423070f, 0.0396943f, 0.0372302f, 0.0349064f, 0.0327148f, 0.0306480f, 0.0286988f, 0.0268606f, 0.0251269f, 0.0234920f, 0.0219501f, 0.0204961f, 0.0191247f, -0.682168f, 0.863803f}
